Date (yr)	Level  (mm)	 Error (mm)
1880.0417	-181.4	24.2
1880.125	-169.5	24.2
1880.2083	-162.7	24.2
1880.2917	-156.6	24.2
1880.375	-157.1	24.2
1880.4583	-158	24.2
1880.5417	-158	24.2
1880.625	-160.2	24.2
1880.7083	-157.3	24.2
1880.7917	-148.7	24.2
1880.875	-142.9	24.2
1880.9583	-133.1	24.2
1881.0417	-134.8	24.2
1881.125	-137.6	24.2
1881.2083	-143.6	24.2
1881.2917	-149.5	24.2
1881.375	-150.6	24.2
1881.4583	-152.6	24.2
1881.5417	-146.1	24.2
1881.625	-149.8	24.2
1881.7083	-154.4	24.2
1881.7917	-163.9	24.2
1881.875	-166.3	24.2
1881.9583	-168.3	24.2
1882.0417	-166.2	24.2
1882.125	-160.4	22.9
1882.2083	-157.2	22.9
1882.2917	-159	22.9
1882.375	-162.9	22.9
1882.4583	-163.6	22.9
1882.5417	-165.7	22.9
1882.625	-167.4	22.9
1882.7083	-173.3	22.9
1882.7917	-179.9	22.9
1882.875	-180.9	22.9
1882.9583	-182.9	22.9
1883.0417	-178.3	22.8
1883.125	-178.4	22.8
1883.2083	-170.8	22.8
1883.2917	-170.7	22.8
1883.375	-162.4	22.8
1883.4583	-162	22.8
1883.5417	-159.5	22.8
1883.625	-160.4	22.8
1883.7083	-157.7	22.8
1883.7917	-156.6	22.8
1883.875	-151.6	22.8
1883.9583	-147.5	22.8
1884.0417	-140.9	22.2
1884.125	-137.9	22.2
1884.2083	-135.4	22.2
1884.2917	-133.6	22.2
1884.375	-134.4	22.2
1884.4583	-138.4	22.2
1884.5417	-141.7	22.2
1884.625	-145.2	22.2
1884.7083	-148.8	22.2
1884.7917	-148.8	22.2
1884.875	-152.4	22.2
1884.9583	-148.3	22.2
1885.0417	-151.5	22.2
1885.125	-146.7	21.9
1885.2083	-143.7	21.9
1885.2917	-141.1	21.9
1885.375	-141.5	21.9
1885.4583	-141.1	21.9
1885.5417	-146.8	21.9
1885.625	-141.6	21.9
1885.7083	-144.9	21.9
1885.7917	-139.6	21.9
1885.875	-141.7	21.9
1885.9583	-143.5	21.9
1886.0417	-145.7	20.8
1886.125	-150.6	20.8
1886.2083	-145.2	20.8
1886.2917	-140.4	20.8
1886.375	-133.1	20.8
1886.4583	-133.8	20.8
1886.5417	-139.2	20.8
1886.625	-146.1	20.8
1886.7083	-153.5	20.8
1886.7917	-153.6	20.8
1886.875	-156.3	20.8
1886.9583	-154.2	20.8
1887.0417	-160.6	20.7
1887.125	-164.2	20.7
1887.2083	-161.3	20.8
1887.2917	-157.2	20.8
1887.375	-150.3	20.8
1887.4583	-145.5	20.8
1887.5417	-145.7	20.8
1887.625	-145.9	20.8
1887.7083	-149	20.8
1887.7917	-145.9	20.8
1887.875	-147.2	20.8
1887.9583	-146.4	20.8
1888.0417	-153.7	20.8
1888.125	-154	20.8
1888.2083	-153.4	20.8
1888.2917	-153.6	20.8
1888.375	-152.6	20.8
1888.4583	-150	20.8
1888.5417	-147.4	20.8
1888.625	-146.9	20.8
1888.7083	-149.9	20.8
1888.7917	-143.4	20.8
1888.875	-144.4	20.8
1888.9583	-144.4	20.8
1889.0417	-149.5	20.8
1889.125	-145.8	20.8
1889.2083	-142.7	20.7
1889.2917	-143.4	20.7
1889.375	-144.3	20.7
1889.4583	-144.2	20.7
1889.5417	-145.4	20.7
1889.625	-146	20.7
1889.7083	-149.7	20.7
1889.7917	-152.2	20.7
1889.875	-156	20.7
1889.9583	-155.6	20.7
1890.0417	-150.7	20.7
1890.125	-149.8	20.7
1890.2083	-138.4	20.7
1890.2917	-136.5	20.7
1890.375	-133.7	20.7
1890.4583	-138.6	20.7
1890.5417	-142.6	20.7
1890.625	-146.2	20.7
1890.7083	-147.8	20.7
1890.7917	-150.2	20.7
1890.875	-154.3	20.7
1890.9583	-162.3	20.7
1891.0417	-161.3	20.7
1891.125	-162.3	20.7
1891.2083	-146.5	20.7
1891.2917	-149.2	20.7
1891.375	-143.8	20.7
1891.4583	-146.8	20.7
1891.5417	-142.2	20.7
1891.625	-140.6	20.7
1891.7083	-141.6	20.7
1891.7917	-142.9	20.7
1891.875	-146.6	20.7
1891.9583	-147.2	20.7
1892.0417	-144.2	20.7
1892.125	-137.7	20.7
1892.2083	-138.2	20.7
1892.2917	-137	20.7
1892.375	-141.5	20.7
1892.4583	-140	20.7
1892.5417	-144.2	20.7
1892.625	-145	20.7
1892.7083	-150.1	20.7
1892.7917	-149.9	20.7
1892.875	-154.7	20.7
1892.9583	-150.8	20.7
1893.0417	-145.9	20.2
1893.125	-142.2	20.2
1893.2083	-135.1	20.2
1893.2917	-136.3	20.2
1893.375	-137.6	20.2
1893.4583	-138.9	20.2
1893.5417	-139.1	20.2
1893.625	-137.4	20.2
1893.7083	-137.4	20.2
1893.7917	-139	20.2
1893.875	-143.5	20.2
1893.9583	-144	21.6
1894.0417	-146.8	21.6
1894.125	-145.9	21.6
1894.2083	-148.3	21.6
1894.2917	-147.3	21.6
1894.375	-150.5	21.6
1894.4583	-151.1	21.6
1894.5417	-152.9	21.6
1894.625	-153.1	21.6
1894.7083	-156	21.6
1894.7917	-151.7	21.6
1894.875	-149.8	21.6
1894.9583	-139.2	21.6
1895.0417	-137.3	21.6
1895.125	-133.3	21.6
1895.2083	-138.4	21.6
1895.2917	-139.8	21.6
1895.375	-146.4	21.6
1895.4583	-140.7	21.6
1895.5417	-139.4	21.6
1895.625	-135.8	21.6
1895.7083	-137.8	21.6
1895.7917	-130.7	21.6
1895.875	-134.2	21.6
1895.9583	-137.2	21.6
1896.0417	-146.8	21.6
1896.125	-156.8	21.5
1896.2083	-153.8	21.5
1896.2917	-148.8	21.5
1896.375	-142.5	21.5
1896.4583	-133.7	21.1
1896.5417	-136.4	21.1
1896.625	-137.3	20.9
1896.7083	-142.6	20.9
1896.7917	-145.3	20.9
1896.875	-148.1	20.9
1896.9583	-150.5	20.9
1897.0417	-147.9	20.8
1897.125	-148.2	20.8
1897.2083	-142.3	20.8
1897.2917	-140.6	20.8
1897.375	-131	20.8
1897.4583	-129.2	20.3
1897.5417	-125.5	20.3
1897.625	-128.2	21
1897.7083	-134.9	21
1897.7917	-141.9	21
1897.875	-156.5	21
1897.9583	-153.9	21
1898.0417	-147.4	19.7
1898.125	-132.9	19.7
1898.2083	-125	19.7
1898.2917	-123.3	19.7
1898.375	-122	19.7
1898.4583	-128.1	19.7
1898.5417	-131.8	19.7
1898.625	-137.9	19.7
1898.7083	-135.8	19.7
1898.7917	-130.7	19.7
1898.875	-126.8	19.7
1898.9583	-125.7	19.7
1899.0417	-125.1	19.4
1899.125	-127.4	19.4
1899.2083	-126.4	19.4
1899.2917	-123.4	19.4
1899.375	-126.3	19.4
1899.4583	-127	19.4
1899.5417	-130.3	19.4
1899.625	-124.2	19.4
1899.7083	-118.5	19.4
1899.7917	-112.7	19.4
1899.875	-115.5	19.4
1899.9583	-120.9	19.4
1900.0417	-127.3	18.3
1900.125	-129.2	18.3
1900.2083	-127.9	18.3
1900.2917	-128.2	18.3
1900.375	-125.7	18.3
1900.4583	-126.6	18.3
1900.5417	-128.9	18.3
1900.625	-127.1	18.3
1900.7083	-133.5	18.3
1900.7917	-128.6	18.3
1900.875	-130.5	18.3
1900.9583	-128.5	18.3
1901.0417	-131.2	18.3
1901.125	-133.1	18.3
1901.2083	-133.4	17.4
1901.2917	-129.4	17.4
1901.375	-133.4	17.4
1901.4583	-132.1	17.4
1901.5417	-134.6	17.4
1901.625	-129.4	17.4
1901.7083	-125.4	17.4
1901.7917	-122.5	17.4
1901.875	-121	17.4
1901.9583	-121.7	17.5
1902.0417	-121	17.4
1902.125	-120.5	17.4
1902.2083	-121.7	17.4
1902.2917	-126.4	17.4
1902.375	-130.7	17.4
1902.4583	-131.3	17.4
1902.5417	-130.1	17.3
1902.625	-126.2	17.3
1902.7083	-122.8	17.3
1902.7917	-120.2	17.3
1902.875	-119.7	17.3
1902.9583	-121.2	17.3
1903.0417	-119.6	17
1903.125	-120.1	17
1903.2083	-113.4	17
1903.2917	-108.7	17
1903.375	-108.2	17
1903.4583	-109	17
1903.5417	-114.6	17
1903.625	-117.9	17
1903.7083	-122	17
1903.7917	-119	17
1903.875	-122.6	16.7
1903.9583	-119.9	17.1
1904.0417	-124.3	17.1
1904.125	-116.6	17.1
1904.2083	-121.3	17.1
1904.2917	-121.7	17.1
1904.375	-126.7	16.8
1904.4583	-125	16.8
1904.5417	-128.6	16.8
1904.625	-129.6	16.8
1904.7083	-131	16.8
1904.7917	-130	16.8
1904.875	-130.7	16.8
1904.9583	-133.2	16.8
1905.0417	-136.4	15.4
1905.125	-138.5	15.4
1905.2083	-138	15.4
1905.2917	-136.5	15.4
1905.375	-134.4	15.4
1905.4583	-132.8	15.4
1905.5417	-130.4	15.4
1905.625	-126.5	15.4
1905.7083	-123.8	15.4
1905.7917	-126	15.4
1905.875	-129.1	15.4
1905.9583	-133.2	15.4
1906.0417	-130.2	14.7
1906.125	-127.9	14.7
1906.2083	-126.5	14.7
1906.2917	-127.3	14.7
1906.375	-123.9	14.7
1906.4583	-122.5	14.7
1906.5417	-120.7	14.7
1906.625	-123.8	14.7
1906.7083	-123.3	14.7
1906.7917	-124.1	14.7
1906.875	-126	14.7
1906.9583	-127.2	14.9
1907.0417	-127.9	14.9
1907.125	-124.8	14.9
1907.2083	-123.6	14.9
1907.2917	-121.2	14.9
1907.375	-123.5	14.9
1907.4583	-121.6	14.9
1907.5417	-124.8	14.9
1907.625	-122.2	14.9
1907.7083	-130.1	14.9
1907.7917	-131.5	14.9
1907.875	-136	14.9
1907.9583	-132.9	14.9
1908.0417	-129.5	14.5
1908.125	-127.5	14.5
1908.2083	-127.6	14.5
1908.2917	-129.8	14.5
1908.375	-130.9	14.5
1908.4583	-126.3	14.5
1908.5417	-125.7	14.5
1908.625	-123.3	14.5
1908.7083	-128.5	14.5
1908.7917	-132.7	14.3
1908.875	-134.7	14.3
1908.9583	-133.8	14.3
1909.0417	-126.1	14.3
1909.125	-123.5	14.3
1909.2083	-119	14.3
1909.2917	-121.8	14.3
1909.375	-124.6	14.3
1909.4583	-129.2	14.3
1909.5417	-127.4	14.3
1909.625	-128.2	14.3
1909.7083	-124.7	15.1
1909.7917	-124.8	15.1
1909.875	-122.9	15.1
1909.9583	-124.3	15.1
1910.0417	-125.7	15.1
1910.125	-129	15.1
1910.2083	-128.3	14.9
1910.2917	-127.9	14.9
1910.375	-123.1	14.9
1910.4583	-122.4	14.9
1910.5417	-120.2	14.9
1910.625	-122.8	14.1
1910.7083	-122.8	14.1
1910.7917	-124.8	14.1
1910.875	-125	14.1
1910.9583	-125.8	14.3
1911.0417	-125.8	14.3
1911.125	-122.3	14.3
1911.2083	-119.5	14.3
1911.2917	-119	14.3
1911.375	-120.2	14.3
1911.4583	-119.6	14.3
1911.5417	-118.5	14.1
1911.625	-112.5	14.1
1911.7083	-109.6	14
1911.7917	-106.5	14
1911.875	-111.1	14
1911.9583	-112.9	14.1
1912.0417	-120.3	14.1
1912.125	-122.1	14.1
1912.2083	-125.6	14.1
1912.2917	-125.5	14.1
1912.375	-124.4	14.1
1912.4583	-119.1	14.1
1912.5417	-118.3	14.1
1912.625	-117	14.2
1912.7083	-117.5	14.2
1912.7917	-117.1	14.4
1912.875	-115.1	14.4
1912.9583	-112.8	14.3
1913.0417	-118.2	14.3
1913.125	-121.6	14
1913.2083	-126.6	14
1913.2917	-126.1	14
1913.375	-124.4	14
1913.4583	-119.1	14
1913.5417	-115.6	14
1913.625	-112.7	14
1913.7083	-112.4	14
1913.7917	-113.2	14
1913.875	-109.2	14
1913.9583	-114.4	14.2
1914.0417	-109.3	14.2
1914.125	-115.4	14.2
1914.2083	-113.7	14.2
1914.2917	-116.5	13.7
1914.375	-115.2	13.7
1914.4583	-118.3	13.7
1914.5417	-118.1	13.7
1914.625	-120.9	13.7
1914.7083	-115.4	13.7
1914.7917	-110.2	13.7
1914.875	-97.4	13.7
1914.9583	-87	13.7
1915.0417	-82.1	13.6
1915.125	-83.6	13.6
1915.2083	-91.5	13.6
1915.2917	-100.7	13.6
1915.375	-106.9	13.6
1915.4583	-109.5	13.6
1915.5417	-112	13.6
1915.625	-112.8	13.6
1915.7083	-113.8	13.6
1915.7917	-113.6	13.6
1915.875	-108.1	13.6
1915.9583	-108.4	13.8
1916.0417	-102.1	13
1916.125	-104.7	13
1916.2083	-99.5	13
1916.2917	-102.5	13
1916.375	-101.2	12.9
1916.4583	-106.4	12.9
1916.5417	-110.1	12.9
1916.625	-114.3	12.9
1916.7083	-112	12.9
1916.7917	-110.1	13.1
1916.875	-102.2	13.1
1916.9583	-101.1	13.1
1917.0417	-101.2	13
1917.125	-107.5	12.8
1917.2083	-110.8	12.8
1917.2917	-114.3	12.8
1917.375	-113.5	12.8
1917.4583	-112.3	12.8
1917.5417	-108.5	12.8
1917.625	-109.1	12.8
1917.7083	-109.9	12.8
1917.7917	-111.5	12.8
1917.875	-112.1	12.8
1917.9583	-109.7	12.8
1918.0417	-108.1	12.7
1918.125	-111.9	12.7
1918.2083	-113.6	12.7
1918.2917	-115.5	12.7
1918.375	-113	12.7
1918.4583	-111.1	12.7
1918.5417	-110.5	12.7
1918.625	-112	12.7
1918.7083	-108.3	12.7
1918.7917	-110.4	12.7
1918.875	-110.2	12.7
1918.9583	-114.8	12.7
1919.0417	-116.5	12.6
1919.125	-118.3	12.6
1919.2083	-116.7	12.7
1919.2917	-113.8	12.7
1919.375	-111.1	12.7
1919.4583	-104.6	12.7
1919.5417	-105.4	12.7
1919.625	-101.9	12.7
1919.7083	-103.6	12.7
1919.7917	-106.9	12.6
1919.875	-108.3	12.6
1919.9583	-112.8	13
1920.0417	-113.3	13
1920.125	-115.3	13
1920.2083	-114.6	13
1920.2917	-110.5	13
1920.375	-105.8	13
1920.4583	-102	13
1920.5417	-101.6	13
1920.625	-104.4	13
1920.7083	-108	13
1920.7917	-109.2	13
1920.875	-110.6	13
1920.9583	-108.5	13.3
1921.0417	-108.4	13.1
1921.125	-105.3	13.1
1921.2083	-103.9	13.1
1921.2917	-102.5	13.1
1921.375	-100.5	13.1
1921.4583	-101.9	13.1
1921.5417	-103.5	13.1
1921.625	-109.7	13.1
1921.7083	-112.6	13.1
1921.7917	-111.5	13.1
1921.875	-112	13.1
1921.9583	-107.8	13.1
1922.0417	-109.4	13.1
1922.125	-105.1	13.1
1922.2083	-106.4	13.1
1922.2917	-105.4	13.1
1922.375	-104.3	13.1
1922.4583	-104.6	13.2
1922.5417	-109.7	13.2
1922.625	-113.1	13.2
1922.7083	-114.8	13.2
1922.7917	-110.9	13.2
1922.875	-105	13.2
1922.9583	-101.6	13.3
1923.0417	-103	13
1923.125	-107.6	13
1923.2083	-106.3	13
1923.2917	-102	13
1923.375	-97.7	12.9
1923.4583	-100.3	12.9
1923.5417	-105.9	12.9
1923.625	-108.9	12.9
1923.7083	-108.9	12.9
1923.7917	-108.1	12.9
1923.875	-112.3	12.9
1923.9583	-115.1	13
1924.0417	-116.4	13
1924.125	-111.1	13
1924.2083	-111.8	13
1924.2917	-110.2	13
1924.375	-113.6	13
1924.4583	-113.7	13.1
1924.5417	-115.2	13.1
1924.625	-114.5	13.1
1924.7083	-114	13.2
1924.7917	-114.1	13.2
1924.875	-115.4	13
1924.9583	-113.6	13.6
1925.0417	-110.7	13.6
1925.125	-109	13.6
1925.2083	-110.9	13.6
1925.2917	-113.7	13.6
1925.375	-113.2	13.6
1925.4583	-113.4	13.6
1925.5417	-113.7	13.6
1925.625	-114.7	13.6
1925.7083	-113.4	13.6
1925.7917	-111.3	13.6
1925.875	-109.3	13.6
1925.9583	-105.8	14.2
1926.0417	-109.7	14.1
1926.125	-110.6	14.1
1926.2083	-113.8	13.7
1926.2917	-110.7	13.7
1926.375	-108.7	13.7
1926.4583	-106.1	13.7
1926.5417	-102.9	13.6
1926.625	-96.3	13.6
1926.7083	-95.6	13.6
1926.7917	-94.7	13.6
1926.875	-104.2	13.6
1926.9583	-107.8	13.6
1927.0417	-111.8	13.2
1927.125	-107.5	13.2
1927.2083	-105.6	13.2
1927.2917	-103.3	13.2
1927.375	-103.7	13.1
1927.4583	-102.9	13.1
1927.5417	-104.7	13.1
1927.625	-102.1	12.5
1927.7083	-108	12.5
1927.7917	-105.3	12.5
1927.875	-109.1	12.5
1927.9583	-109.9	12.5
1928.0417	-116.1	12.5
1928.125	-116	12.4
1928.2083	-114.1	12.3
1928.2917	-108.8	12.3
1928.375	-107.3	12.3
1928.4583	-104.7	12.3
1928.5417	-104.4	12.3
1928.625	-104	12.3
1928.7083	-104.5	12.3
1928.7917	-109.6	12.3
1928.875	-114	12.3
1928.9583	-117.1	12.3
1929.0417	-119.2	12.3
1929.125	-114.2	12.4
1929.2083	-111.7	12.4
1929.2917	-105.8	12.1
1929.375	-108.3	12.1
1929.4583	-104.5	12.1
1929.5417	-104.4	12.1
1929.625	-104.8	12.1
1929.7083	-105.4	12.1
1929.7917	-107.8	12.1
1929.875	-107.6	12.1
1929.9583	-110.5	12.1
1930.0417	-109.2	12
1930.125	-110.7	12
1930.2083	-110.7	12
1930.2917	-112.7	11.9
1930.375	-111.1	11.9
1930.4583	-104.1	11.9
1930.5417	-96.6	11.9
1930.625	-94.5	11.9
1930.7083	-96.9	11.9
1930.7917	-99.9	11.9
1930.875	-104	11.9
1930.9583	-106.2	12.2
1931.0417	-105.3	12.2
1931.125	-107.5	12.2
1931.2083	-105	12.2
1931.2917	-106.9	12.2
1931.375	-104.8	12.2
1931.4583	-104.3	12.2
1931.5417	-100.3	12.2
1931.625	-102.1	12.2
1931.7083	-104.4	12.2
1931.7917	-107.4	12.2
1931.875	-108.3	12.2
1931.9583	-104.9	12.2
1932.0417	-102.5	11.9
1932.125	-99.2	11.9
1932.2083	-100.2	11.9
1932.2917	-98.9	11.9
1932.375	-100.6	11.9
1932.4583	-100.7	11.9
1932.5417	-99.9	11.9
1932.625	-101.3	11.9
1932.7083	-98.7	11.9
1932.7917	-99.1	11.9
1932.875	-96.6	11.8
1932.9583	-95.5	11.9
1933.0417	-92.2	11.8
1933.125	-91.4	11.8
1933.2083	-90.8	11.8
1933.2917	-91	11.8
1933.375	-93.6	11.8
1933.4583	-92.9	11.8
1933.5417	-97.4	11.8
1933.625	-96.1	11.8
1933.7083	-97.4	11.8
1933.7917	-97.1	11.7
1933.875	-100.6	11.7
1933.9583	-100.6	12
1934.0417	-99.9	11.9
1934.125	-97.5	11.8
1934.2083	-95.1	11.8
1934.2917	-96.2	11.8
1934.375	-97.1	11.8
1934.4583	-101.1	11.8
1934.5417	-101.7	11.8
1934.625	-105.7	11.8
1934.7083	-104.2	11.8
1934.7917	-106.9	11.8
1934.875	-101	11.8
1934.9583	-98.9	12
1935.0417	-93.9	12
1935.125	-91.7	12
1935.2083	-91.3	12
1935.2917	-90.1	12
1935.375	-93.4	11.8
1935.4583	-92.7	11.8
1935.5417	-93.7	11.8
1935.625	-94.5	11.8
1935.7083	-96.8	11.8
1935.7917	-99.7	11.8
1935.875	-101.2	11.8
1935.9583	-99.4	11.8
1936.0417	-95.5	11.7
1936.125	-93.1	11.7
1936.2083	-97.6	11.7
1936.2917	-100.9	11.7
1936.375	-102.8	11.8
1936.4583	-100.3	11.8
1936.5417	-101.3	11.8
1936.625	-99.3	11.8
1936.7083	-102	11.8
1936.7917	-97.7	11.8
1936.875	-99	11.8
1936.9583	-96	11.9
1937.0417	-97.3	11.8
1937.125	-92.3	11.8
1937.2083	-93.9	11.8
1937.2917	-91.9	11.8
1937.375	-93.3	11.9
1937.4583	-95.3	11.8
1937.5417	-95	11.8
1937.625	-95.8	11.8
1937.7083	-92.3	11.8
1937.7917	-91.8	11.8
1937.875	-89.9	11.8
1937.9583	-88.3	11.8
1938.0417	-86.1	11.7
1938.125	-84.8	11.7
1938.2083	-84.3	11.7
1938.2917	-86.4	11.7
1938.375	-92.1	11.7
1938.4583	-95.2	11.7
1938.5417	-99.7	11.7
1938.625	-96.2	11.7
1938.7083	-94.5	11.7
1938.7917	-89.1	11.7
1938.875	-88.3	11.7
1938.9583	-89	12.6
1939.0417	-88.4	12.4
1939.125	-92.8	12.4
1939.2083	-90.2	12.4
1939.2917	-88.1	12.4
1939.375	-82.8	12.4
1939.4583	-76.1	12.1
1939.5417	-76	12.1
1939.625	-78.8	12.1
1939.7083	-85.3	12.1
1939.7917	-89.4	12
1939.875	-87.8	12
1939.9583	-87.6	12.1
1940.0417	-86.7	11.1
1940.125	-87.9	11.1
1940.2083	-89.6	11.1
1940.2917	-94.3	11
1940.375	-95	11
1940.4583	-99.4	11
1940.5417	-97.5	11
1940.625	-94.6	11
1940.7083	-90.6	11
1940.7917	-86.3	11
1940.875	-83.1	11
1940.9583	-82.1	11
1941.0417	-82.8	10.9
1941.125	-79.6	10.9
1941.2083	-79.2	10.9
1941.2917	-77.8	10.9
1941.375	-79.7	10.8
1941.4583	-79.7	10.8
1941.5417	-76.7	10.8
1941.625	-72.3	10.8
1941.7083	-72.8	10.8
1941.7917	-76.2	10.8
1941.875	-81.9	10.8
1941.9583	-82	10.9
1942.0417	-83.6	10.9
1942.125	-82.6	10.8
1942.2083	-83.9	10.8
1942.2917	-84.4	10.8
1942.375	-83.2	10.8
1942.4583	-80.2	10.8
1942.5417	-76.8	10.9
1942.625	-73.8	10.8
1942.7083	-71.9	10.8
1942.7917	-72.8	10.8
1942.875	-72.9	10.8
1942.9583	-75.3	10.8
1943.0417	-72.8	10.8
1943.125	-72	10.8
1943.2083	-72.5	10.8
1943.2917	-72.7	10.8
1943.375	-76.8	10.7
1943.4583	-76.6	10.7
1943.5417	-80.7	10.7
1943.625	-81.2	10.7
1943.7083	-82.6	10.7
1943.7917	-83.3	10.7
1943.875	-84.5	10.7
1943.9583	-85.1	11.2
1944.0417	-81.6	10.9
1944.125	-75.5	10.9
1944.2083	-72.8	10.8
1944.2917	-77.4	10.7
1944.375	-84.7	10.6
1944.4583	-90.5	10.6
1944.5417	-93.3	10.6
1944.625	-93.5	10.6
1944.7083	-91.6	10.6
1944.7917	-88.6	10.6
1944.875	-84.9	10.6
1944.9583	-83.7	10.6
1945.0417	-82.7	10.6
1945.125	-83	10.6
1945.2083	-83.8	10.6
1945.2917	-82.5	10.6
1945.375	-81.2	10.6
1945.4583	-77.2	10.6
1945.5417	-81.2	10.6
1945.625	-81.4	10.7
1945.7083	-85.7	10.8
1945.7917	-83.2	10.8
1945.875	-82.9	10.8
1945.9583	-79.6	11
1946.0417	-80.7	10.9
1946.125	-76.8	10.9
1946.2083	-77.6	10.9
1946.2917	-73.7	10.9
1946.375	-71.2	10.8
1946.4583	-68.2	10.8
1946.5417	-66.9	10.4
1946.625	-69.4	10.4
1946.7083	-73.3	10.4
1946.7917	-76.8	10.4
1946.875	-79.4	10.4
1946.9583	-80.1	10.2
1947.0417	-80.7	10
1947.125	-78.5	10
1947.2083	-75.9	9.8
1947.2917	-78.2	9.7
1947.375	-77.6	9.5
1947.4583	-75.6	9.5
1947.5417	-72.9	9.5
1947.625	-70.3	9.5
1947.7083	-66.9	9.5
1947.7917	-62.4	9.5
1947.875	-57.7	9.5
1947.9583	-59.4	9.5
1948.0417	-62.3	9.3
1948.125	-66.8	9.3
1948.2083	-68.9	9.3
1948.2917	-68.9	9.3
1948.375	-67.6	9.3
1948.4583	-67.7	9.3
1948.5417	-66.1	9.3
1948.625	-68.1	9.3
1948.7083	-66.7	9.2
1948.7917	-67.1	9.1
1948.875	-65.2	9.2
1948.9583	-64	9.2
1949.0417	-62.4	8.8
1949.125	-62	8.8
1949.2083	-65.6	8.8
1949.2917	-68.2	8.8
1949.375	-70.3	8.8
1949.4583	-70.6	8.2
1949.5417	-71.7	8.2
1949.625	-70.4	8.2
1949.7083	-71.8	8.2
1949.7917	-68.1	8.3
1949.875	-67.6	8.1
1949.9583	-66.1	8.1
1950.0417	-68	8
1950.125	-69.2	7.9
1950.2083	-69.3	7.9
1950.2917	-67.2	7.9
1950.375	-66.7	7.9
1950.4583	-66.3	7.9
1950.5417	-66.9	7.9
1950.625	-67.6	7.9
1950.7083	-65.9	7.9
1950.7917	-63.1	7.9
1950.875	-60.3	7.9
1950.9583	-57.9	7.9
1951.0417	-59.3	7.8
1951.125	-55.3	7.8
1951.2083	-50	7.8
1951.2917	-49.4	7.8
1951.375	-49.1	7.7
1951.4583	-54.2	7.7
1951.5417	-57.8	7.7
1951.625	-61.4	7.7
1951.7083	-60.1	7.7
1951.7917	-60	7.7
1951.875	-58.2	7.7
1951.9583	-60	7.7
1952.0417	-60.6	7.7
1952.125	-61.1	7.7
1952.2083	-62.8	7.7
1952.2917	-62.6	7.7
1952.375	-62	7.7
1952.4583	-59.5	7.7
1952.5417	-60.6	7.7
1952.625	-59.8	7.7
1952.7083	-57.5	7.6
1952.7917	-56.2	7.6
1952.875	-51.6	7.6
1952.9583	-51.1	7.6
1953.0417	-51.5	7.5
1953.125	-54.4	7.5
1953.2083	-56.2	7.5
1953.2917	-54.2	7.5
1953.375	-50.9	7.5
1953.4583	-48.3	7.4
1953.5417	-50.8	7.5
1953.625	-53.4	7.5
1953.7083	-56	7.4
1953.7917	-58.2	7.4
1953.875	-58.9	7.4
1953.9583	-59.6	7.4
1954.0417	-57.4	7.4
1954.125	-56	7.4
1954.2083	-55.3	7.4
1954.2917	-57.6	7.3
1954.375	-57.3	7.3
1954.4583	-60.2	7.3
1954.5417	-62.8	7.3
1954.625	-63.6	7.3
1954.7083	-61.3	7.3
1954.7917	-56.4	7.3
1954.875	-51.2	7.3
1954.9583	-48.9	7.3
1955.0417	-47.2	7.2
1955.125	-47.5	7.1
1955.2083	-50.8	7.1
1955.2917	-54.9	7.1
1955.375	-59.6	7.1
1955.4583	-62.6	7.1
1955.5417	-64.7	7.1
1955.625	-61.5	7.1
1955.7083	-60.4	7.1
1955.7917	-55.9	7.1
1955.875	-55.4	7.1
1955.9583	-56	7.1
1956.0417	-57	7.1
1956.125	-60.6	7.1
1956.2083	-59.8	7.1
1956.2917	-56.9	7.1
1956.375	-56.9	7
1956.4583	-58.4	7
1956.5417	-63.3	7
1956.625	-64.5	7
1956.7083	-65.2	7
1956.7917	-65.6	7
1956.875	-65.7	7
1956.9583	-64.3	7.2
1957.0417	-59.7	7.1
1957.125	-51.5	7.1
1957.2083	-47.3	7.1
1957.2917	-45.6	7.1
1957.375	-43.9	7.1
1957.4583	-43.8	7.1
1957.5417	-44.1	6.8
1957.625	-47.2	6.8
1957.7083	-48	6.8
1957.7917	-49.1	6.8
1957.875	-47.9	6.8
1957.9583	-48.9	6.8
1958.0417	-46.9	6.7
1958.125	-47.4	6.7
1958.2083	-47.3	6.7
1958.2917	-49.8	6.7
1958.375	-49.3	6.7
1958.4583	-49.4	6.7
1958.5417	-48.2	6.6
1958.625	-47.6	6.6
1958.7083	-46.3	6.6
1958.7917	-44	6.6
1958.875	-42.6	6.6
1958.9583	-41.7	6.6
1959.0417	-43.8	6.5
1959.125	-47.1	6.5
1959.2083	-49.2	6.5
1959.2917	-48.5	6.5
1959.375	-48.1	6.5
1959.4583	-46.7	6.5
1959.5417	-46.4	6.5
1959.625	-44	6.5
1959.7083	-45	6.5
1959.7917	-43.4	6.5
1959.875	-47.8	6.6
1959.9583	-47	6.6
1960.0417	-47.3	6.6
1960.125	-43.3	6.6
1960.2083	-43.5	6.6
1960.2917	-41.5	6.6
1960.375	-40.9	6.6
1960.4583	-41.3	6.6
1960.5417	-42.5	6.6
1960.625	-43.3	6.6
1960.7083	-43.8	6.6
1960.7917	-43.1	6.6
1960.875	-42.3	6.6
1960.9583	-39.2	6.6
1961.0417	-36.4	6.6
1961.125	-31.6	6.6
1961.2083	-31.2	6.6
1961.2917	-30.8	6.6
1961.375	-33.2	6.6
1961.4583	-35.3	6.6
1961.5417	-36.2	6.6
1961.625	-37.2	6.6
1961.7083	-38.4	6.6
1961.7917	-41.5	6.6
1961.875	-43.5	6.6
1961.9583	-42.6	6.7
1962.0417	-42.7	6.7
1962.125	-41.2	6.7
1962.2083	-42.5	6.6
1962.2917	-43	6.6
1962.375	-43.8	6.6
1962.4583	-43.5	6.6
1962.5417	-45	6.6
1962.625	-42.1	6.6
1962.7083	-40.7	6.6
1962.7917	-37.5	6.6
1962.875	-38.5	6.6
1962.9583	-40.1	6.7
1963.0417	-38.9	6.6
1963.125	-39.1	6.6
1963.2083	-39.2	6.6
1963.2917	-41.2	6.6
1963.375	-42.6	6.7
1963.4583	-44.1	6.7
1963.5417	-45.4	6.7
1963.625	-46.7	6.7
1963.7083	-44.3	6.6
1963.7917	-45.5	6.6
1963.875	-43.7	6.6
1963.9583	-49.2	6.6
1964.0417	-53.4	6.6
1964.125	-57.7	6.6
1964.2083	-58.6	6.6
1964.2917	-59.1	6.6
1964.375	-54.6	6.6
1964.4583	-49.2	6.7
1964.5417	-45.2	6.7
1964.625	-45	6.7
1964.7083	-46.9	6.7
1964.7917	-49.7	6.7
1964.875	-49.2	6.7
1964.9583	-46.1	6.8
1965.0417	-41.7	6.7
1965.125	-37.2	6.7
1965.2083	-39.2	6.8
1965.2917	-42.4	6.7
1965.375	-46	6.7
1965.4583	-45.1	6.6
1965.5417	-41.9	6.5
1965.625	-38.4	6.5
1965.7083	-35	6.6
1965.7917	-36.6	6.6
1965.875	-37.1	6.7
1965.9583	-38.7	6.7
1966.0417	-39.3	6.5
1966.125	-41.3	6.5
1966.2083	-43.8	6.4
1966.2917	-45.9	6.5
1966.375	-47	6.5
1966.4583	-47.3	6.5
1966.5417	-45.5	6.5
1966.625	-45.1	6.5
1966.7083	-45.1	6.6
1966.7917	-46.5	6.6
1966.875	-49.9	6.6
1966.9583	-47.7	6.6
1967.0417	-48.9	6.6
1967.125	-48.6	6.6
1967.2083	-50.9	6.6
1967.2917	-49.3	6.5
1967.375	-47.8	6.6
1967.4583	-43	6.5
1967.5417	-42.4	6.5
1967.625	-40.4	6.5
1967.7083	-40.1	6.5
1967.7917	-39.4	6.5
1967.875	-38.8	6.5
1967.9583	-38.5	6.6
1968.0417	-38	6.7
1968.125	-40.4	6.7
1968.2083	-46.4	6.7
1968.2917	-51.4	6.7
1968.375	-55.1	6.7
1968.4583	-53.7	6.7
1968.5417	-49.3	6.7
1968.625	-41.9	6.7
1968.7083	-38	6.7
1968.7917	-34.4	6.7
1968.875	-34.1	6.7
1968.9583	-35.8	6.9
1969.0417	-34.2	6.9
1969.125	-35.6	6.9
1969.2083	-34.6	7
1969.2917	-35.8	7
1969.375	-37	7
1969.4583	-37.5	7
1969.5417	-39.5	7
1969.625	-37.3	7
1969.7083	-36.3	7
1969.7917	-34.9	7
1969.875	-36.3	7
1969.9583	-37.8	7
1970.0417	-37.2	7
1970.125	-36	7
1970.2083	-36.6	7
1970.2917	-39.5	6.9
1970.375	-39.7	6.9
1970.4583	-39.4	6.9
1970.5417	-41	6.9
1970.625	-40.3	7
1970.7083	-40.8	7
1970.7917	-37.1	7
1970.875	-37	7
1970.9583	-35.5	7
1971.0417	-33.3	7
1971.125	-30.1	7
1971.2083	-29.1	7
1971.2917	-29.8	6.9
1971.375	-33.6	6.9
1971.4583	-36.1	6.9
1971.5417	-36.9	6.9
1971.625	-34.9	6.9
1971.7083	-31.5	6.9
1971.7917	-31.9	6.9
1971.875	-34.3	6.9
1971.9583	-36	6.9
1972.0417	-32.4	6.9
1972.125	-27.6	6.9
1972.2083	-23.7	7.1
1972.2917	-23	7.1
1972.375	-21	6.9
1972.4583	-18.6	6.9
1972.5417	-17.5	6.9
1972.625	-21.5	6.9
1972.7083	-24.1	6.9
1972.7917	-26.3	6.9
1972.875	-25.3	6.9
1972.9583	-26.9	6.9
1973.0417	-31.6	6.9
1973.125	-32	6.9
1973.2083	-33	6.9
1973.2917	-30.1	6.9
1973.375	-32.2	6.9
1973.4583	-31.1	6.8
1973.5417	-32.8	6.8
1973.625	-32.8	6.8
1973.7083	-32.9	6.8
1973.7917	-30	6.8
1973.875	-23.1	6.8
1973.9583	-18.3	6.8
1974.0417	-13.8	6.8
1974.125	-14.9	6.8
1974.2083	-16	6.8
1974.2917	-15.8	6.8
1974.375	-16.1	6.8
1974.4583	-16.7	6.8
1974.5417	-18.8	6.8
1974.625	-20.5	6.8
1974.7083	-21.4	6.8
1974.7917	-22.2	6.8
1974.875	-21	6.8
1974.9583	-20.2	6.8
1975.0417	-19.5	6.8
1975.125	-18.6	6.8
1975.2083	-17.1	6.8
1975.2917	-18.4	6.7
1975.375	-19.7	6.7
1975.4583	-21.8	6.7
1975.5417	-21.8	6.7
1975.625	-20.4	6.7
1975.7083	-19.7	6.7
1975.7917	-19.1	6.7
1975.875	-18.9	6.8
1975.9583	-21.1	6.8
1976.0417	-21.3	6.8
1976.125	-24.1	6.8
1976.2083	-22.8	6.8
1976.2917	-21.6	6.8
1976.375	-20.9	6.8
1976.4583	-18.8	6.8
1976.5417	-20	6.8
1976.625	-21.9	6.8
1976.7083	-20.6	6.8
1976.7917	-21	6.7
1976.875	-18.1	6.7
1976.9583	-17.9	6.7
1977.0417	-19.3	6.7
1977.125	-22	6.7
1977.2083	-23.8	6.7
1977.2917	-26	6.7
1977.375	-25.5	6.7
1977.4583	-24.9	6.6
1977.5417	-23.9	6.6
1977.625	-23.2	6.6
1977.7083	-22.2	6.5
1977.7917	-21.5	6.5
1977.875	-19.4	6.5
1977.9583	-16.7	6.6
1978.0417	-14.1	6.6
1978.125	-10.4	6.6
1978.2083	-11.4	6.6
1978.2917	-11.7	6.6
1978.375	-15.4	6.6
1978.4583	-16.9	6.6
1978.5417	-18.3	6.7
1978.625	-16.7	6.7
1978.7083	-16.4	6.7
1978.7917	-16.1	6.7
1978.875	-20.6	6.7
1978.9583	-23.6	6.7
1979.0417	-26.4	6.7
1979.125	-25.3	6.7
1979.2083	-24.2	6.7
1979.2917	-24.5	6.7
1979.375	-25.9	6.7
1979.4583	-25.5	6.7
1979.5417	-23.1	6.7
1979.625	-18.3	6.7
1979.7083	-15.7	6.7
1979.7917	-13.3	6.7
1979.875	-15.6	6.5
1979.9583	-13.4	6.5
1980.0417	-13.6	6.5
1980.125	-12.5	6.5
1980.2083	-14.5	6.4
1980.2917	-14.2	6.5
1980.375	-14.5	6.5
1980.4583	-15.1	6.5
1980.5417	-17.6	6.6
1980.625	-19.4	6.6
1980.7083	-19.4	6.6
1980.7917	-17.6	6.6
1980.875	-12.4	6.6
1980.9583	-8.3	6.6
1981.0417	-6.2	6.5
1981.125	-5.2	6.5
1981.2083	-3.4	6.6
1981.2917	-2.4	6.6
1981.375	-1.1	6.6
1981.4583	-0.6	6.5
1981.5417	-2.3	6.5
1981.625	-1.5	6.4
1981.7083	-2.5	6.4
1981.7917	-0.4	6.4
1981.875	-1.3	6.4
1981.9583	-2.8	6.4
1982.0417	-6.6	6.4
1982.125	-7.7	6.4
1982.2083	-9	6.4
1982.2917	-11.5	6.4
1982.375	-11.9	6.4
1982.4583	-13.1	6.3
1982.5417	-14.2	6.3
1982.625	-12.8	6.3
1982.7083	-8.7	6.3
1982.7917	-3.1	6.2
1982.875	-0.5	6.2
1982.9583	0	6.4
1983.0417	1.8	6.4
1983.125	1.1	6.5
1983.2083	2.7	6.5
1983.2917	5.9	6.5
1983.375	9.1	6.5
1983.4583	7.6	6.5
1983.5417	3.4	6.5
1983.625	-4.3	6.4
1983.7083	-5.1	6.4
1983.7917	-8.1	6.5
1983.875	-5.2	6.5
1983.9583	-7.3	6.5
1984.0417	-5.9	6.5
1984.125	-4.7	6.5
1984.2083	-1.4	6.4
1984.2917	-0.6	6.3
1984.375	0.4	6.3
1984.4583	2.6	6.3
1984.5417	2.2	6.3
1984.625	3.6	6.3
1984.7083	1.4	6.3
1984.7917	0.5	6.3
1984.875	-2.8	6.3
1984.9583	-4.8	6.4
1985.0417	-8.8	6.2
1985.125	-7.9	6.2
1985.2083	-10.1	6.2
1985.2917	-10.1	6.2
1985.375	-11.9	6.3
1985.4583	-11.5	6.3
1985.5417	-12.1	6.3
1985.625	-13.8	6.3
1985.7083	-13	6.3
1985.7917	-12.3	6.3
1985.875	-10.9	6.3
1985.9583	-10.6	6.3
1986.0417	-9.2	6.3
1986.125	-8.1	6.3
1986.2083	-8.7	6.3
1986.2917	-8.9	6.3
1986.375	-10.2	6.3
1986.4583	-9.4	6.3
1986.5417	-11.7	6.3
1986.625	-10.9	6.3
1986.7083	-11.9	6.3
1986.7917	-12.3	6.3
1986.875	-12.7	6.2
1986.9583	-11.5	6.2
1987.0417	-9.6	6.2
1987.125	-6.9	6.2
1987.2083	-9.2	6.2
1987.2917	-10.8	6.3
1987.375	-9.3	6.3
1987.4583	-7.7	6.3
1987.5417	-6.6	6.3
1987.625	-11.9	6.3
1987.7083	-13.7	6.2
1987.7917	-15.1	6.2
1987.875	-10.5	6.2
1987.9583	-7	6.3
1988.0417	-7.5	6.3
1988.125	-6.2	6.2
1988.2083	-8.3	6.3
1988.2917	-6.6	6.3
1988.375	-6.5	6.3
1988.4583	-5	6.3
1988.5417	-4.8	6.3
1988.625	-3.2	6.3
1988.7083	-1.7	6.3
1988.7917	-1	6.3
1988.875	-3.3	6.3
1988.9583	-7.8	6.4
1989.0417	-7.8	6.4
1989.125	-6.4	6.3
1989.2083	-0.8	6.3
1989.2917	0	6.3
1989.375	0.5	6.3
1989.4583	-1.4	6.3
1989.5417	-1.1	6.3
1989.625	0.6	6.4
1989.7083	1.9	6.4
1989.7917	2.2	6.4
1989.875	2.7	6.4
1989.9583	1	6.4
1990.0417	-0.1	6.3
1990.125	-3.1	6.3
1990.2083	-4.2	6.3
1990.2917	-3.6	6.3
1990.375	-3.6	6.3
1990.4583	0.5	6.3
1990.5417	0.4	6.3
1990.625	4.1	6.3
1990.7083	4.1	6.3
1990.7917	5.2	6.3
1990.875	5.8	6.3
1990.9583	3.1	6.3
1991.0417	4.6	6.3
1991.125	4.8	6.3
1991.2083	5.7	6.3
1991.2917	2.3	6.3
1991.375	0.1	6.2
1991.4583	-0.3	6.3
1991.5417	1.5	6.2
1991.625	3.9	6.3
1991.7083	4.8	6.3
1991.7917	5.7	6.3
1991.875	6.2	6.3
1991.9583	5.8	6.4
1992.0417	8.3	6.4
1992.125	10.3	6.4
1992.2083	8.9	6.3
1992.2917	7.7	6.4
1992.375	4.7	6.4
1992.4583	5.4	6.4
1992.5417	3.7	6.4
1992.625	3.7	6.4
1992.7083	4.8	6.4
1992.7917	8.1	6.4
1992.875	7.2	6.3
1992.9583	5.9	6.4
1993.0417	3.9	6.4
1993.125	5	6.4
1993.2083	6.6	6.4
1993.2917	8.8	6.4
1993.375	9.2	6.4
1993.4583	5.1	6.4
1993.5417	1.6	6.4
1993.625	-1.5	6.4
1993.7083	-4.6	6.4
1993.7917	-3.4	6.4
1993.875	-4.6	6.4
1993.9583	-0.1	6.4
1994.0417	3.4	6.4
1994.125	3.2	6.4
1994.2083	4.6	6.4
1994.2917	3.1	6.4
1994.375	5.6	6.4
1994.4583	4.8	6.3
1994.5417	7.7	6.3
1994.625	7.1	6.3
1994.7083	7.1	6.3
1994.7917	6.8	6.3
1994.875	4.9	6.4
1994.9583	7.1	6.4
1995.0417	8.1	6.4
1995.125	9.3	6.4
1995.2083	10.5	6.4
1995.2917	8.8	6.4
1995.375	8.4	6.4
1995.4583	7.6	6.4
1995.5417	9.5	6.4
1995.625	9.7	6.4
1995.7083	11.5	6.4
1995.7917	12.7	6.3
1995.875	14.7	6.3
1995.9583	17.9	6.3
1996.0417	17.1	6.4
1996.125	16.8	6.4
1996.2083	11.3	6.4
1996.2917	8.7	6.4
1996.375	8	6.4
1996.4583	7.8	6.4
1996.5417	13.8	6.3
1996.625	16.1	6.4
1996.7083	21.7	6.4
1996.7917	19	6.5
1996.875	17.4	6.5
1996.9583	15.5	6.5
1997.0417	18	6.5
1997.125	20.6	6.5
1997.2083	24.1	6.5
1997.2917	24.6	6.5
1997.375	25.2	6.5
1997.4583	25	6.5
1997.5417	20.4	6.5
1997.625	20.2	6.5
1997.7083	19.1	6.5
1997.7917	24.2	6.5
1997.875	23.9	6.5
1997.9583	26.1	6.6
1998.0417	22.7	6.5
1998.125	19.2	6.5
1998.2083	15.3	6.6
1998.2917	11.7	6.7
1998.375	11.6	6.6
1998.4583	11.9	6.5
1998.5417	14.1	6.5
1998.625	15.1	6.5
1998.7083	17.3	6.5
1998.7917	15.4	6.5
1998.875	13.5	6.5
1998.9583	12.6	6.6
1999.0417	15.9	6.6
1999.125	19.6	6.6
1999.2083	24	6.5
1999.2917	23.3	6.6
1999.375	24.3	6.6
1999.4583	23.6	6.6
1999.5417	25.1	6.8
1999.625	24.1	6.8
1999.7083	23.6	6.8
1999.7917	22	6.7
1999.875	18.7	6.7
1999.9583	16.6	6.7
2000.0417	14.6	6.6
2000.125	17.3	6.6
2000.2083	21.6	6.6
2000.2917	25	6.6
2000.375	29.3	6.6
2000.4583	28.5	6.6
2000.5417	29.6	6.6
2000.625	24.3	6.6
2000.7083	21.9	6.6
2000.7917	18.4	6.6
2000.875	19.4	6.6
2000.9583	20.8	6.6
2001.0417	24.9	6.5
2001.125	25.4	6.5
2001.2083	28.3	6.5
2001.2917	26.3	6.6
2001.375	27.2	6.5
2001.4583	27.5	6.5
2001.5417	29.2	6.5
2001.625	31	6.5
2001.7083	31	6.5
2001.7917	28.1	6.5
2001.875	24.4	6.6
2001.9583	21.4	6.6
2002.0417	21.4	6.6
2002.125	22.4	6.6
2002.2083	23.3	6.6
2002.2917	22.7	6.6
2002.375	24.4	6.6
2002.4583	26.9	6.6
2002.5417	27	6.6
2002.625	26.1	6.7
2002.7083	28.1	6.7
2002.7917	29.4	6.7
2002.875	31.7	6.7
2002.9583	30.2	6.7
2003.0417	29	6.7
2003.125	27.5	6.7
2003.2083	26.8	6.7
2003.2917	30.9	6.7
2003.375	33.6	6.8
2003.4583	38	6.9
2003.5417	38.4	6.9
2003.625	41	6.9
2003.7083	41.8	7
2003.7917	41.6	7
2003.875	37.3	7
2003.9583	35.7	7.2
2004.0417	32.5	7.1
2004.125	30.1	7.1
2004.2083	31	7.1
2004.2917	32.4	7.1
2004.375	37.6	7.2
2004.4583	39.1	7.2
2004.5417	37.4	7.2
2004.625	38	7.2
2004.7083	35.5	7.4
2004.7917	35	7.3
2004.875	33	7.3
2004.9583	33	7.4
2005.0417	36.2	7.3
2005.125	36.2	7.2
2005.2083	34.5	7.4
2005.2917	34.2	7.4
2005.375	35	7.4
2005.4583	37	7.4
2005.5417	37.2	7.4
2005.625	35.7	7.2
2005.7083	32.1	7.2
2005.7917	31	7.2
2005.875	29.5	7.2
2005.9583	30.5	7.3
2006.0417	30	7.3
2006.125	33	7.3
2006.2083	37.9	7.3
2006.2917	39.8	7.3
2006.375	38.2	7.3
2006.4583	34.2	7.3
2006.5417	32.9	7.3
2006.625	35	7.3
2006.7083	37.5	7.3
2006.7917	38.7	7.4
2006.875	38.3	7.4
2006.9583	32.3	7.9
2007.0417	29.7	7.9
2007.125	24.7	7.9
2007.2083	29	7.9
2007.2917	33.5	7.9
2007.375	42.2	7.9
2007.4583	46.5	7.9
2007.5417	48.5	8
2007.625	46.9	8
2007.7083	43.2	8
2007.7917	41.3	8.1
2007.875	41.6	8.1
2007.9583	41.8	8.2
2008.0417	42.8	8.2
2008.125	41.6	8.2
2008.2083	46.2	8.2
2008.2917	49	8.2
2008.375	54.4	8.2
2008.4583	54.7	8.2
2008.5417	56.5	8.5
2008.625	53.7	8.5
2008.7083	51.5	8.5
2008.7917	47.1	8.5
2008.875	46.4	8.5
2008.9583	43.8	8.8
2009.0417	44.7	8.8
2009.125	43	8.8
2009.2083	46.4	8.8
2009.2917	47.7	8.8
2009.375	53.4	8.8
2009.4583	57	8.8
2009.5417	58.4	8.8
2009.625	59.1	8.8
2009.7083	60.9	8.8
2009.7917	62.3	8.8
2009.875	64.6	8.9
2009.9583	68.3	8.9
